sess_name ='FC';
names{1}   = ['CSp_123'];
onsets{1}    = [6 26.5 48 ];
durations{1}    = [0.000000 0.000000 0.000000 ];
names{2}   = ['CSp_456'];
onsets{2}    = [59 90 121 ];
durations{2}    = [0.000000 0.000000 0.000000 ];
names{3}   = ['CSp_7891011'];
onsets{3}    = [142 169.5 189.5 221 242.5 ];
durations{3}    = [0.000000 0.000000 0.000000 0.000000 0.000000 ];
names{4}   = ['CSp_12131415'];
onsets{4}    = [264.5 283.5 295 316.5 ];
durations{4}    = [0.000000 0.000000 0.000000 0.000000 ];
names{5}   = ['CSm_123'];
onsets{5}    = [16 38.5 70.5];
durations{5}    = [0.000000 0.000000 0.000000 ];
names{6}   = ['CSm_456'];
onsets{6}    = [ 79.5 100.5 109  ];
durations{6}    = [0.000000 0.000000 0.000000 ];
names{7}   = ['CSm_7891011'];
onsets{7}    = [132 153.5 180 200.5 223 ];
durations{7}    = [0.000000 0.000000 0.000000 0.000000 0.000000 ];
names{8}   = ['CSm_12131415'];
onsets{8}    = [ 233 254.5 273.5 306 ];
durations{8}    = [0.000000 0.000000 0.000000 0.000000 ];
names{9}   = ['UCS'];
onsets{9}    = [10.5 21.5 52.5 74 104.5 115.5 147.5 175 196.5 227.5 237.5 258 289 311 322.5 ];
durations{9}    = [0.000000 0.000000 0.000000 0.000000 0.000000 0.000000 0.000000 0.000000 0.000000 0.000000 0.000000 0.000000 0.000000 0.000000 0.000000 ];
names{10}   = ['fake'];
onsets{10}    = [0 163.5 327.5 ];
durations{10}    = [0.000000 0.000000 0.000000 ];
rest_exists  = 1;
save task_design.mat sess_name names onsets durations rest_exists