sess_name ='FC';
names{1}   = ['CSpE'];
onsets{1}    = [26.5 59 79 100.5 111 140.5 152 ];
durations{1}    = [0.000000 0.000000 0.000000 0.000000 0.000000 0.000000 0.000000];
names{2}   = ['CSpL'];
onsets{2}    = [169 180 190 212.5 243 263 295.5 316 ];
durations{2}    = [0.000000 0.000000 0.000000 0.000000 0.000000 0.000000 0.000000 0.000000];
names{3}   = ['CSmE'];
onsets{3}    = [6 16.5 37.5 49 69.5 90.5 121.5 ];
durations{3}    = [0.000000 0.000000 0.000000 0.000000 0.000000 0.000000 0.000000];
names{4}   = ['CSmL'];
onsets{4}    = [130 202.5 223.5 233.5 254 274.5 284.5 306 ];
durations{4}    = [0.000000 0.000000 0.000000 0.000000 0.000000 0.000000 0.000000 0.000000];
names{5}   = ['UCS'];
onsets{5}    = [32 63 84.5 105.5 115.5 145 157 174 185 196 217.5 248 268.5 300.5 320.5 ];
durations{5}    = [0.000000 0.000000 0.000000 0.000000 0.000000 0.000000 0.000000 0.000000 0.000000 0.000000 0.000000 0.000000 0.000000 0.000000 0.000000 ];
names{6}   = ['fake'];
onsets{6}    = [0 163 327 ];
durations{6}    = [0.000000 0.000000 0.000000 ];
rest_exists  = 1;
save task_design.mat sess_name names onsets durations rest_exists
