sess_name ='FC';
names{1}   = ['CSp_123'];
onsets{1}    = [6 16 47.5 ];
durations{1}    = [0.000000 0.000000 0.000000 ];
names{2}   = ['CSp_4567'];
onsets{2}    = [69 99.5 110.5 142.5 ];
durations{2}    = [0.000000 0.000000 0.000000 0.000000 ];
names{3}   = ['CSp_891011'];
onsets{3}    = [170 191 223 233 ];
durations{3}    = [0.000000 0.000000 0.000000 0.000000 ];
names{4}   = ['CSp_12131415'];
onsets{4}    = [ 254 283 306 317 ];
durations{4}    = [0.000000 0.000000 0.000000 0.000000 ];
names{5}   = ['CSm_123'];
onsets{5}    = [28 38 59.5];
durations{5}    = [0.000000 0.000000 0.000000 ];
names{6}   = ['CSm_4567'];
onsets{6}    = [ 80 90 121 132  ];
durations{6}    = [0.000000 0.000000 0.000000 0.000000 ];
names{7}   = ['CSm_891011'];
onsets{7}    = [153.5 181.5 202.5 212.5 ];
durations{7}    = [0.000000 0.000000 0.000000 0.000000 ];
names{8}   = ['CSm_12131415'];
onsets{8}    = [ 243.5 264.5 274 295 ];
durations{8}    = [0.000000 0.000000 0.000000 0.000000 ];
names{9}   = ['UCS'];
onsets{9}    = [10.5 21.5 52.5 74 104.5 115.5 147.5 175 196.5 227.5 237.5 258 289 311 322.5 ];
durations{9}    = [0.000000 0.000000 0.000000 0.000000 0.000000 0.000000 0.000000 0.000000 0.000000 0.000000 0.000000 0.000000 0.000000 0.000000 0.000000 ];
names{10}   = ['fake'];
onsets{10}    = [0 163.5 327.5 ];
durations{10}    = [0.000000 0.000000 0.000000 ];
rest_exists  = 1;
save task_design.mat sess_name names onsets durations rest_exists