sess_name ='FC';
names{1}   = ['CSpE'];
onsets{1}    = [16 36.5 57 67 99 129.5 150.5 ];
durations{1}    = [0.000000 0.000000 0.000000 0.000000 0.000000 0.000000 0.000000];
names{2}   = ['CSpL'];
onsets{2}    = [167.5 190.5 209.5 231.5 262.5 283 294.5 316.5 ];
durations{2}    = [0.000000 0.000000 0.000000 0.000000 0.000000 0.000000 0.000000 0.000000];
names{3}   = ['CSmE'];
onsets{3}    = [6 27 47 79.5 89 109.5 119 ];
durations{3}    = [0.000000 0.000000 0.000000 0.000000 0.000000 0.000000 0.000000];
names{4}   = ['CSmL'];
onsets{4}    = [140.5 179 201 220.5 242.5 252 274 306 ];
durations{4}    = [0.000000 0.000000 0.000000 0.000000 0.000000 0.000000 0.000000 0.000000];
names{5}   = ['UCS'];
onsets{5}    = [21.5 40.5 62 72.5 103.5 134.5 155.5 172.5 195 214.5 237 267.5 288.5 300.5 321 ];
durations{5}    = [0.000000 0.000000 0.000000 0.000000 0.000000 0.000000 0.000000 0.000000 0.000000 0.000000 0.000000 0.000000 0.000000 0.000000 0.000000 ];
names{6}   = ['fake'];
onsets{6}    = [0 161.5 327 ];
durations{6}    = [0.000000 0.000000 0.000000 ];
rest_exists  = 1;
save task_design.mat sess_name names onsets durations rest_exists
