sess_name ='FC';
names{1}   = ['CSpE'];
onsets{1}    = [6 27 48.5 59.5 90.5 121.5 142.5 ];
durations{1}    = [0.000000 0.000000 0.000000 0.000000 0.000000 0.000000 0.000000];
names{2}   = ['CSpL'];
onsets{2}    = [170 190 221.5 243 265 284 295.5 317 ];
durations{2}    = [0.000000 0.000000 0.000000 0.000000 0.000000 0.000000 0.000000 0.000000];
names{3}   = ['CSmE'];
onsets{3}    = [16.5 39 71 80 101 109.5 132.5 ];
durations{3}    = [0.000000 0.000000 0.000000 0.000000 0.000000 0.000000 0.000000];
names{4}   = ['CSmL'];
onsets{4}    = [154 180.5 201 223.5 233 255 274 306.5 ];
durations{4}    = [0.000000 0.000000 0.000000 0.000000 0.000000 0.000000 0.000000 0.000000];
names{5}   = ['UCS'];
onsets{5}    = [11 32 53 65 95 126.5 147.5 175 195 217.5 248.5 269 289.5 300.5 321.5];
durations{5}    = [0.000000 0.000000 0.000000 0.000000 0.000000 0.000000 0.000000 0.000000 0.000000 0.000000 0.000000 0.000000 0.000000 0.000000 0.000000 ];
names{6}   = ['fake'];
onsets{6}    = [0 164 327 ];
durations{6}    = [0.000000 0.000000 0.000000 ];
rest_exists  = 1;
save task_design.mat sess_name names onsets durations rest_exists
