sess_name ='FC';
names{1}   = ['CSpE'];
onsets{1}    = [16 36.5 57 67 99 129.5 150.5 ];
durations{1}    = [0.000000 0.000000 0.000000 0.000000 0.000000 0.000000 0.000000];
names{2}   = ['CSpL'];
onsets{2}    = [168 191 210 232 263 284 295 317 ];
durations{2}    = [0.000000 0.000000 0.000000 0.000000 0.000000 0.000000 0.000000 0.000000];
names{3}   = ['CSmE'];
onsets{3}    = [6 27 47 79.5 89 109.5 119 ];
durations{3}    = [0.000000 0.000000 0.000000 0.000000 0.000000 0.000000 0.000000];
names{4}   = ['CSmL'];
onsets{4}    = [140.5 179.5 201.5 221 243 252.5 274.5 306.5 ];
durations{4}    = [0.000000 0.000000 0.000000 0.000000 0.000000 0.000000 0.000000 0.000000];
names{5}   = ['UCS'];
onsets{5}    = [21.5 40.5 62 72.5 103.5 134.5 155.5 173 195.5 215 237.5 268 289 301 321.5 ];
durations{5}    = [0.000000 0.000000 0.000000 0.000000 0.000000 0.000000 0.000000 0.000000 0.000000 0.000000 0.000000 0.000000 0.000000 0.000000 0.000000 ];
names{6}   = ['fake'];
onsets{6}    = [0 161.5 327.5 ];
durations{6}    = [0.000000 0.000000 0.000000 ];
rest_exists  = 1;
save task_design.mat sess_name names onsets durations rest_exists
