sess_name ='FC';
names{1}   = ['CSpE'];
onsets{1}    = [6 26.5 48 59 90 121 142 ];
durations{1}    = [0.000000 0.000000 0.000000 0.000000 0.000000 0.000000 0.000000];
names{2}   = ['CSpL'];
onsets{2}    = [169.5 189.5 221 242.5 264.5 283.5 295 316.5 ];
durations{2}    = [0.000000 0.000000 0.000000 0.000000 0.000000 0.000000 0.000000 0.000000];
names{3}   = ['CSmE'];
onsets{3}    = [16 38.5 70.5 79.5 100.5 109 132 ];
durations{3}    = [0.000000 0.000000 0.000000 0.000000 0.000000 0.000000 0.000000];
names{4}   = ['CSmL'];
onsets{4}    = [153.5 180 200.5 223 233 254.5 273.5 306 ];
durations{4}    = [0.000000 0.000000 0.000000 0.000000 0.000000 0.000000 0.000000 0.000000];
names{5}   = ['UCS'];
onsets{5}    = [11 32 53 65 95 126.5 147.5 175 195 217.5 248.5 269 289.5 300.5 321.5];
durations{5}    = [0.000000 0.000000 0.000000 0.000000 0.000000 0.000000 0.000000 0.000000 0.000000 0.000000 0.000000 0.000000 0.000000 0.000000 0.000000 ];
names{6}   = ['fake'];
onsets{6}    = [0 163.5 326.5 ];
durations{6}    = [0.000000 0.000000 0.000000 ];
rest_exists  = 1;
save task_design.mat sess_name names onsets durations rest_exists
