sess_name ='FC';
names{1}   = ['CSp_123'];
onsets{1}    = [26.5 59 79 ];
durations{1}    = [0.000000 0.000000 0.000000 ];
names{2}   = ['CSp_4567'];
onsets{2}    = [100.5 111 140.5 152 ];
durations{2}    = [0.000000 0.000000 0.000000 0.000000 ];
names{3}   = ['CSp_891011'];
onsets{3}    = [169 180 190 212.5 ];
durations{3}    = [0.000000 0.000000 0.000000 0.000000 ];
names{4}   = ['CSp_12131415'];
onsets{4}    = [ 243 263 295.5 316 ];
durations{4}    = [0.000000 0.000000 0.000000 0.000000 ];
names{5}   = ['CSm_123'];
onsets{5}    = [6 16.5 37.5];
durations{5}    = [0.000000 0.000000 0.000000 ];
names{6}   = ['CSm_4567'];
onsets{6}    = [ 49 69.5 90.5 121.5  ];
durations{6}    = [0.000000 0.000000 0.000000 0.000000 ];
names{7}   = ['CSm_891011'];
onsets{7}    = [130 202.5 223.5 233.5 ];
durations{7}    = [0.000000 0.000000 0.000000 0.000000 ];
names{8}   = ['CSm_12131415'];
onsets{8}    = [ 254 274.5 284.5 306 ];
durations{8}    = [0.000000 0.000000 0.000000 0.000000 ];
names{9}   = ['UCS'];
onsets{9}    = [10.5 21.5 52.5 74 104.5 115.5 147.5 175 196.5 227.5 237.5 258 289 311 322.5 ];
durations{9}    = [0.000000 0.000000 0.000000 0.000000 0.000000 0.000000 0.000000 0.000000 0.000000 0.000000 0.000000 0.000000 0.000000 0.000000 0.000000 ];
names{10}   = ['fake'];
onsets{10}    = [0 163.5 327.5 ];
durations{10}    = [0.000000 0.000000 0.000000 ];
rest_exists  = 1;
save task_design.mat sess_name names onsets durations rest_exists