sess_name ='FC';
names{1}   = ['CSp_123'];
onsets{1}    = [16 36.5 57 ];
durations{1}    = [0.000000 0.000000 0.000000 ];
names{2}   = ['CSp_4567'];
onsets{2}    = [67 99 129.5 150.5 ];
durations{2}    = [0.000000 0.000000 0.000000 0.000000 ];
names{3}   = ['CSp_891011'];
onsets{3}    = [167.5 190.5 209.5 231.5 ];
durations{3}    = [0.000000 0.000000 0.000000 0.000000 ];
names{4}   = ['CSp_12131415'];
onsets{4}    = [ 262.5 283 294.5 316.5 ];
durations{4}    = [0.000000 0.000000 0.000000 0.000000 ];
names{5}   = ['CSm_123'];
onsets{5}    = [6 27 47];
durations{5}    = [0.000000 0.000000 0.000000 ];
names{6}   = ['CSm_4567'];
onsets{6}    = [ 79.5 89 109.5 119  ];
durations{6}    = [0.000000 0.000000 0.000000 0.000000 ];
names{7}   = ['CSm_891011'];
onsets{7}    = [140.5 179 201 220.5 ];
durations{7}    = [0.000000 0.000000 0.000000 0.000000 ];
names{8}   = ['CSm_12131415'];
onsets{8}    = [ 242.5 252 274 306 ];
durations{8}    = [0.000000 0.000000 0.000000 0.000000 ];
names{9}   = ['UCS'];
onsets{9}    = [10.5 21.5 52.5 74 104.5 115.5 147.5 175 196.5 227.5 237.5 258 289 311 322.5 ];
durations{9}    = [0.000000 0.000000 0.000000 0.000000 0.000000 0.000000 0.000000 0.000000 0.000000 0.000000 0.000000 0.000000 0.000000 0.000000 0.000000 ];
names{10}   = ['fake'];
onsets{10}    = [0 163.5 327.5 ];
durations{10}    = [0.000000 0.000000 0.000000 ];
rest_exists  = 1;
save task_design.mat sess_name names onsets durations rest_exists